1	LAYING	0.2215982	-0.040513953	
1	SITTING	0.2612376	-0.001308288	
1	STANDING	0.2789176	-0.016137590	
1	WALKING	0.2773308	-0.017383819	
1	WALKING_DOWNSTAIRS	0.2891883	-0.009918505	
1	WALKING_UPSTAIRS	0.2554617	-0.023953149	
2	LAYING	0.2813734	-0.018158740	
2	SITTING	0.2770874	-0.015687994	
2	STANDING	0.2779115	-0.018420827	
2	WALKING	0.2764266	-0.018594920	
2	WALKING_DOWNSTAIRS	0.2776153	-0.022661416	
2	WALKING_UPSTAIRS	0.2471648	-0.021412113	
3	LAYING	0.2755169	-0.018955679	
3	SITTING	0.2571976	-0.003502998	
3	STANDING	0.2800465	-0.014337656	
3	WALKING	0.2755675	-0.017176784	
3	WALKING_DOWNSTAIRS	0.2924235	-0.019355408	
3	WALKING_UPSTAIRS	0.2608199	-0.032410941	
4	LAYING	0.2635592	-0.015003184	
4	SITTING	0.2715383	-0.007163065	
4	STANDING	0.2804997	-0.009489111	
4	WALKING	0.2785820	-0.014839948	
4	WALKING_DOWNSTAIRS	0.2799653	-0.009802009	
4	WALKING_UPSTAIRS	0.2708767	-0.031980430	
5	LAYING	0.2783343	-0.018304212	
5	SITTING	0.2736941	-0.009900835	
5	STANDING	0.2825444	-0.007004186	
5	WALKING	0.2778423	-0.017285032	
5	WALKING_DOWNSTAIRS	0.2935439	-0.008501075	
5	WALKING_UPSTAIRS	0.2684595	-0.032526976	
6	LAYING	0.2486565	-0.010252917	
6	SITTING	0.2767785	-0.014591162	
6	STANDING	0.2803462	-0.018123633	
6	WALKING	0.2836589	-0.016895419	
6	WALKING_DOWNSTAIRS	0.2770453	-0.019536840	
6	WALKING_UPSTAIRS	0.2682294	-0.027242539	
7	LAYING	0.2501767	-0.020441152	
7	SITTING	0.2846746	-0.014610976	
7	STANDING	0.2827235	-0.014574034	
7	WALKING	0.2755930	-0.018653665	
7	WALKING_DOWNSTAIRS	0.2803071	-0.016633237	
7	WALKING_UPSTAIRS	0.2487069	-0.027563901	
8	LAYING	0.2612543	-0.021228173	
8	SITTING	0.2674915	-0.006725506	
8	STANDING	0.2796210	-0.014811307	
8	WALKING	0.2746863	-0.018662887	
8	WALKING_DOWNSTAIRS	0.2834841	-0.021105867	
8	WALKING_UPSTAIRS	0.2588802	-0.028241514	
9	LAYING	0.2591955	-0.020526822	
9	SITTING	0.2483267	-0.027016777	
subject9	STANDING	0.2823101	-0.020045495	
9	WALKING	0.2785028	-0.018089197	
9	WALKING_DOWNSTAIRS	0.2959234	-0.020399427	
9	WALKING_UPSTAIRS	0.2624365	-0.019510110	
10	LAYING	0.2802306	-0.024294484	
10	SITTING	0.2706121	-0.015042682	
10	STANDING	0.2766503	-0.015541860	
10	WALKING	0.2785741	-0.017022351	
10	WALKING_DOWNSTAIRS	0.2904016	-0.020005077	
10	WALKING_UPSTAIRS	0.2671219	-0.014385492	
11	LAYING	0.2805930	-0.017659805	
11	SITTING	0.2765902	-0.014919562	
11	STANDING	0.2777156	-0.017199089	
11	WALKING	0.2718219	-0.016647583	
11	WALKING_DOWNSTAIRS	0.2916056	-0.017809772	
11	WALKING_UPSTAIRS	0.2637759	-0.030315782	
12	LAYING	0.2601134	-0.017520392	
12	SITTING	0.2750072	-0.015789299	
12	STANDING	0.2774058	-0.016900254	
12	WALKING	0.2771287	-0.015560928	
12	WALKING_DOWNSTAIRS	0.2815211	-0.018084267	
12	WALKING_UPSTAIRS	0.2729703	-0.026357490	
13	LAYING	0.2767164	-0.020440454	
13	SITTING	0.2743285	-0.005877329	
13	STANDING	0.2777584	-0.016789199	
13	WALKING	0.2758831	-0.018566065	
13	WALKING_DOWNSTAIRS	0.2949076	-0.014372384	
13	WALKING_UPSTAIRS	0.2582039	-0.027739225	
14	LAYING	0.2332754	-0.011342465	
14	SITTING	0.2799906	-0.008705655	
14	STANDING	0.2805456	-0.015207813	
14	WALKING	0.2719596	-0.021778538	
14	WALKING_DOWNSTAIRS	0.2934221	-0.020014141	
14	WALKING_UPSTAIRS	0.2624211	-0.020438818	
15	LAYING	0.2894757	-0.016629654	
15	SITTING	0.2729034	-0.011718847	
15	STANDING	0.2789158	-0.018351636	
15	WALKING	0.2738992	-0.017080974	
15	WALKING_DOWNSTAIRS	0.2801989	-0.005630478	
15	WALKING_UPSTAIRS	0.2701876	-0.028752386	
16	LAYING	0.2742272	-0.016610351	
16	SITTING	0.2807686	-0.010249794	
16	STANDING	0.2834974	-0.016599967	
16	WALKING	0.2760236	-0.020428693	
16	WALKING_DOWNSTAIRS	0.2955868	-0.018389858	
16	WALKING_UPSTAIRS	0.2559861	-0.014365495	
17	LAYING	0.2697801	-0.016846201	
17	SITTING	0.2773570	-0.014156274	
17	STANDING	0.2779425	-0.017412006	
17	WALKING	0.2723419	-0.018487540	
17	WALKING_DOWNSTAIRS	0.2939183	-0.016735940	
17	WALKING_UPSTAIRS	0.2526048	-0.022864561	
18	LAYING	0.2746916	-0.017393768	
18	SITTING	0.2772700	-0.012869128	
18	STANDING	0.2784588	-0.016635352	
18	WALKING	0.2738878	-0.017802363	
18	WALKING_DOWNSTAIRS	0.2884395	-0.016866692	
18	WALKING_UPSTAIRS	0.2654012	-0.022206068	
19	LAYING	0.2726537	-0.017142686	
19	SITTING	0.2738303	-0.016739260	
19	STANDING	0.2781723	-0.015424406	
19	WALKING	0.2739312	-0.019177359	
19	WALKING_DOWNSTAIRS	0.2626881	-0.014594228	
19	WALKING_UPSTAIRS	0.2421188	-0.030398662	
20	LAYING	0.2395079	-0.014440628	
20	SITTING	0.2780454	-0.014722931	
20	STANDING	0.2780769	-0.018069505	
20	WALKING	0.2725893	-0.021199992	
20	WALKING_DOWNSTAIRS	0.2961444	-0.009641208	
20	WALKING_UPSTAIRS	0.2520983	-0.028225805	l>
21	LAYING	0.2713255	-0.018423305	
21	SITTING	0.2775396	-0.014400971	
21	STANDING	0.2769522	-0.016708473	
21	WALKING	0.2791835	-0.018161032	
21	WALKING_DOWNSTAIRS	0.3014610	-0.017319539	
21	WALKING_UPSTAIRS	0.2651945	-0.023721870	
22	LAYING	0.2799597	-0.014262986	
22	SITTING	0.2735838	-0.012346845	
22	STANDING	0.2790539	-0.015856321	
22	WALKING	0.2788646	-0.016721361	
22	WALKING_DOWNSTAIRS	0.2844590	-0.019799937	
22	WALKING_UPSTAIRS	0.2483915	-0.026862256	
23	LAYING	0.2740380	-0.021655384	
23	SITTING	0.2733513	-0.013394502	
23	STANDING	0.2778993	-0.017747555	
23	WALKING	0.2732119	-0.018361871	
23	WALKING_DOWNSTAIRS	0.2898974	-0.016211146	
23	WALKING_UPSTAIRS	0.2499952	-0.032384403	
24	LAYING	0.2728505	-0.017355521	
24	SITTING	0.2734757	-0.013125510	
24	STANDING	0.2803489	-0.014478534	
24	WALKING	0.2769808	-0.022544640	
24	WALKING_DOWNSTAIRS	0.2886312	-0.014573035	
24	WALKING_UPSTAIRS	0.2698811	-0.025197943	
25	LAYING	0.2507918	-0.018894366	
25	SITTING	0.2785415	-0.014769681	
25	STANDING	0.2780137	-0.016356973	
25	WALKING	0.2789928	-0.018647762	
25	WALKING_DOWNSTAIRS	0.2913297	-0.021017052	
25	WALKING_UPSTAIRS	0.2779954	-0.026986352	
26	LAYING	0.2716459	-0.019189573	
26	SITTING	0.2582435	-0.007133645	
26	STANDING	0.2811270	-0.016660831	
26	WALKING	0.2792644	-0.015425959	
26	WALKING_DOWNSTAIRS	0.2792846	-0.012625810	
26	WALKING_UPSTAIRS	0.2726914	-0.028163380	
27	LAYING	0.2741025	-0.017986761	
27	SITTING	0.2739413	-0.015526980	
27	STANDING	0.2795669	-0.016593236	
27	WALKING	0.2768495	-0.016647878	
27	WALKING_DOWNSTAIRS	0.2975442	-0.013556447	
27	WALKING_UPSTAIRS	0.2657703	-0.020095332	
28	LAYING	0.2759135	-0.016753786	
28	SITTING	0.2769776	-0.018540444	
28	STANDING	0.2777951	-0.017263512	
28	WALKING	0.2812282	-0.015675972	
28	WALKING_DOWNSTAIRS	0.2936421	-0.022023047	
28	WALKING_UPSTAIRS	0.2620058	-0.027944394	
29	LAYING	0.2872952	-0.017196548	
29	SITTING	0.2771800	-0.016630680	
29	STANDING	0.2779651	-0.017260587	
29	WALKING	0.2719999	-0.016291560	
29	WALKING_DOWNSTAIRS	0.2931404	-0.014941215	
29	WALKING_UPSTAIRS	0.2654231	-0.029946531	
30	LAYING	0.2810339	-0.019449410	
30	SITTING	0.2683361	-0.008047313	
30	STANDING	0.2771127	-0.017016389	
30	WALKING	0.2764068	-0.017588039	
30	WALKING_DOWNSTAIRS	0.2831906	-0.017438390	
30	WALKING_UPSTAIRS	0.2714156	-0.025331170	
